 Original Matrix
  1      -2.45480173    0.00000000    0.00000000    0.00000000
  2       0.00000000   -2.45326137    0.00000000    0.00000000
  3      -0.00036311    0.00000000   -0.19094270    0.00000000
  4       0.00000000    0.00248338    0.00000000    0.01239529
 Eigenvalues:
  1      -2.45851628
  2      -2.45698781
  3      -0.19218417
  4       0.01112777
  5       0.02624358
  6       0.02624358
  7       0.04117722
  8       0.05753304
  9       0.05753304
 10       0.06808162
 Eigenvectors:
  1      -0.99999999   -0.00000000   -0.00016040    0.00000000
  2       0.00000000   -0.99999949   -0.00000000    0.00100719
  3      -0.00016040   -0.00000000    0.99999999    0.00000000
  4       0.00000000    0.00100719   -0.00000000    0.99999949
 Transformed matrix (check):
   -2.45480173    0.00000000   -0.00036311    0.00000000
    0.00000000   -2.45326137   -0.00000000    0.00248338
    0.00000000   -0.00000000   -0.19094270    0.00000000
   -0.00000000   -0.00000000    0.00000000    0.01239529

