 Original Matrix
  1      -2.46144187    0.00000000    0.00000000    0.00000000
  2       0.00000000   -2.46127753    0.00000000    0.00000000
  3       0.00008608    0.00000000   -0.18410260    0.00000000
  4       0.00000000    0.00262013    0.00000000    0.00681274
 Eigenvalues:
  1      -2.45868437
  2      -2.45820126
  3      -0.18841752
  4       0.00879783
  5       0.02759460
  6       0.02759460
  7       0.03992257
  8       0.05675949
  9       0.05675949
 10       0.06743716
 Eigenvectors:
  1      -1.00000000   -0.00000000    0.00003780   -0.00000000
  2       0.00000000    0.99999944   -0.00000000   -0.00106160
  3       0.00003780    0.00000000    1.00000000    0.00000000
  4      -0.00000000   -0.00106160    0.00000000   -0.99999944
 Transformed matrix (check):
   -2.46144187    0.00000000    0.00008608    0.00000000
    0.00000000   -2.46127753    0.00000000    0.00262013
   -0.00000000    0.00000000   -0.18410260    0.00000000
    0.00000000   -0.00000000    0.00000000    0.00681274

