 Original Matrix
  1      -2.45843992    0.00000000    0.00000000    0.00000000
  2       0.00000000   -2.45815660    0.00000000    0.00000000
  3      -0.00000088    0.00000000   -0.18613166    0.00000000
  4       0.00000000    0.00257982    0.00000000    0.00839639
 Eigenvalues:
  1      -2.46059140
  2      -2.46031973
  3      -0.18622681
  4       0.00743714
  5       0.02801157
  6       0.02801157
  7       0.03933162
  8       0.05626255
  9       0.05626255
 10       0.06691404
 Eigenvectors:
  1      -1.00000000   -0.00000000   -0.00000039    0.00000000
  2       0.00000000   -0.99999945   -0.00000000    0.00104592
  3      -0.00000039   -0.00000000    1.00000000    0.00000000
  4       0.00000000    0.00104592   -0.00000000    0.99999945
 Transformed matrix (check):
   -2.45843992    0.00000000   -0.00000088    0.00000000
    0.00000000   -2.45815660   -0.00000000    0.00257982
    0.00000000   -0.00000000   -0.18613166    0.00000000
   -0.00000000   -0.00000000    0.00000000    0.00839639