 Original Matrix
  1      -2.47521803    0.00000000    0.00000000    0.00000000
  2       0.00000000   -2.47519413    0.00000000    0.00000000
  3       0.00033151    0.00000000   -0.17510751    0.00000000
  4       0.00000000    0.00279647    0.00000000   -0.00055583
 Eigenvalues:
  1      -2.47519782
  2      -2.47518344
  3      -0.17410541
  4      -0.00066220
  5       0.02890420
  6       0.02890420
  7       0.03674400
  8       0.05322912
  9       0.05322912
 10       0.06312843
 Eigenvectors:
  1      -0.99999999   -0.00000000    0.00014413   -0.00000000
  2       0.00000000    0.99999936   -0.00000000   -0.00113005
  3       0.00014413    0.00000000    0.99999999    0.00000000
  4      -0.00000000   -0.00113005    0.00000000   -0.99999936
 Transformed matrix (check):
   -2.47521803    0.00000000    0.00033151    0.00000000
    0.00000000   -2.47519413    0.00000000    0.00279647
   -0.00000000    0.00000000   -0.17510751    0.00000000
    0.00000000   -0.00000000    0.00000000   -0.00055583

