 Original Matrix
  1      -2.46827985    0.00000000    0.00000000    0.00000000
  2       0.00000000   -2.46822071    0.00000000    0.00000000
  3       0.00022552    0.00000000   -0.17973881    0.00000000
  4       0.00000000    0.00270638    0.00000000    0.00332389
 Eigenvalues:
  1      -2.46910227
  2      -2.46905351
  3      -0.17908116
  4       0.00278159
  5       0.02869818
  6       0.02869818
  7       0.03769056
  8       0.05450051
  9       0.05450051
 10       0.06476323
 Eigenvectors:
  1      -1.00000000   -0.00000000    0.00009854   -0.00000000
  2       0.00000000    0.99999940   -0.00000000   -0.00109501
  3       0.00009854    0.00000000    1.00000000    0.00000000
  4      -0.00000000   -0.00109501    0.00000000   -0.99999940
 Transformed matrix (check):
   -2.46827985    0.00000000    0.00022552    0.00000000
    0.00000000   -2.46822071    0.00000000    0.00270638
   -0.00000000    0.00000000   -0.17973881    0.00000000
    0.00000000   -0.00000000    0.00000000    0.00332389

