 Original Matrix
  1      -2.45465096    0.00000000    0.00000000    0.00000000
  2       0.00000000   -2.45377919    0.00000000    0.00000000
  3      -0.00022265    0.00000000   -0.18963944    0.00000000
  4       0.00000000    0.00250960    0.00000000    0.01119911
 Eigenvalues:
  1      -2.45780635
  2      -2.45694668
  3      -0.19042984
  4       0.01003460
  5       0.02702376
  6       0.02702376
  7       0.04053493
  8       0.05718476
  9       0.05718476
 10       0.06783042
 Eigenvectors:
  1      -1.00000000    0.00000000   -0.00009830   -0.00000000
  2      -0.00000000   -0.99999948    0.00000000    0.00101810
  3      -0.00009830    0.00000000    1.00000000   -0.00000000
  4      -0.00000000    0.00101810    0.00000000    0.99999948
 Transformed matrix (check):
   -2.45465096   -0.00000000   -0.00022265   -0.00000000
   -0.00000000   -2.45377919    0.00000000    0.00250960
    0.00000000    0.00000000   -0.18963944   -0.00000000
    0.00000000   -0.00000000   -0.00000000    0.01119911

