 Original Matrix
  1      -2.45729179    0.00000000    0.00000000    0.00000000
  2       0.00000000   -2.45456821    0.00000000    0.00000000
  3      -0.00052637    0.00000000   -0.19176080    0.00000000
  4       0.00000000    0.00246668    0.00000000    0.01343515
 Eigenvalues:
  1      -2.46160635
  2      -2.45889360
  3      -0.19357556
  4       0.01205484
  5       0.02517798
  6       0.02517798
  7       0.04186596
  8       0.05781961
  9       0.05781961
 10       0.06816466
 Eigenvectors:
  1      -0.99999997    0.00000000   -0.00023234    0.00000000
  2       0.00000000    0.99999950   -0.00000000   -0.00099946
  3      -0.00023234   -0.00000000    0.99999997   -0.00000000
  4      -0.00000000   -0.00099946    0.00000000   -0.99999950
 Transformed matrix (check):
   -2.45729179    0.00000000   -0.00052637    0.00000000
    0.00000000   -2.45456821    0.00000000    0.00246668
    0.00000000    0.00000000   -0.19176080    0.00000000
    0.00000000   -0.00000000    0.00000000    0.01343515

