 Original Matrix
  1      -2.45729179    0.00000000    0.00000000    0.00000000
  2       0.00000000   -2.45456821    0.00000000    0.00000000
  3      -0.00052637    0.00000000   -0.19176080    0.00000000
  4       0.00000000    0.00246668    0.00000000    0.01343515
 Eigenvalues:
  1      -2.45729191
  2      -2.45457067
  3      -0.19176068
  4       0.01343762
 Eigenvectors:
  1      -0.99999997    0.00000000   -0.00023234    0.00000000
  2       0.00000000    0.99999950   -0.00000000   -0.00099946
  3      -0.00023234   -0.00000000    0.99999997   -0.00000000
  4      -0.00000000   -0.00099946    0.00000000   -0.99999950
 Transformed matrix (check):
   -2.45729179    0.00000000   -0.00052637    0.00000000
    0.00000000   -2.45456821    0.00000000    0.00246668
    0.00000000    0.00000000   -0.19176080    0.00000000
    0.00000000   -0.00000000    0.00000000    0.01343515

