 Original Matrix
  1      -2.45604805    0.00000000    0.00000000    0.00000000
  2       0.00000000   -2.45555298    0.00000000    0.00000000
  3      -0.00010281    0.00000000   -0.18800104    0.00000000
  4       0.00000000    0.00254249    0.00000000    0.00986200
 Eigenvalues:
  1      -2.45604805
  2      -2.45555560
  3      -0.18800103
  4       0.00986462
 Eigenvectors:
  1      -1.00000000    0.00000000   -0.00004533   -0.00000000
  2      -0.00000000   -0.99999947    0.00000000    0.00103126
  3      -0.00004533    0.00000000    1.00000000   -0.00000000
  4      -0.00000000    0.00103126    0.00000000    0.99999947
 Transformed matrix (check):
   -2.45604805   -0.00000000   -0.00010281   -0.00000000
   -0.00000000   -2.45555298    0.00000000    0.00254249
    0.00000000    0.00000000   -0.18800104   -0.00000000
    0.00000000   -0.00000000   -0.00000000    0.00986200

