 Original Matrix
  1      -2.45480173    0.00000000    0.00000000    0.00000000
  2       0.00000000   -2.45326137    0.00000000    0.00000000
  3      -0.00036311    0.00000000   -0.19094270    0.00000000
  4       0.00000000    0.00248338    0.00000000    0.01239529
 Eigenvalues:
  1      -2.45480179
  2      -2.45326387
  3      -0.19094265
  4       0.01239779
 Eigenvectors:
  1      -0.99999999   -0.00000000   -0.00016040    0.00000000
  2       0.00000000   -0.99999949   -0.00000000    0.00100719
  3      -0.00016040   -0.00000000    0.99999999    0.00000000
  4       0.00000000    0.00100719   -0.00000000    0.99999949
 Transformed matrix (check):
   -2.45480173    0.00000000   -0.00036311    0.00000000
    0.00000000   -2.45326137   -0.00000000    0.00248338
    0.00000000   -0.00000000   -0.19094270    0.00000000
   -0.00000000   -0.00000000    0.00000000    0.01239529

