 Original Matrix
  1      -2.45465096    0.00000000    0.00000000    0.00000000
  2       0.00000000   -2.45377919    0.00000000    0.00000000
  3      -0.00022265    0.00000000   -0.18963944    0.00000000
  4       0.00000000    0.00250960    0.00000000    0.01119911
 Eigenvalues:
  1      -2.45465098
  2      -2.45378175
  3      -0.18963941
  4       0.01120167
 Eigenvectors:
  1      -1.00000000    0.00000000   -0.00009830   -0.00000000
  2      -0.00000000   -0.99999948    0.00000000    0.00101810
  3      -0.00009830    0.00000000    1.00000000   -0.00000000
  4      -0.00000000    0.00101810    0.00000000    0.99999948
 Transformed matrix (check):
   -2.45465096   -0.00000000   -0.00022265   -0.00000000
   -0.00000000   -2.45377919    0.00000000    0.00250960
    0.00000000    0.00000000   -0.18963944   -0.00000000
    0.00000000   -0.00000000   -0.00000000    0.01119911

