 Original Matrix
  1      -2.47521803    0.00000000    0.00000000    0.00000000
  2       0.00000000   -2.47519413    0.00000000    0.00000000
  3       0.00033151    0.00000000   -0.17510751    0.00000000
  4       0.00000000    0.00279647    0.00000000   -0.00055583
 Eigenvalues:
  1      -2.47521808
  2      -2.47519729
  3      -0.17510747
  4      -0.00055267
 Eigenvectors:
  1      -0.99999999   -0.00000000    0.00014413   -0.00000000
  2       0.00000000    0.99999936   -0.00000000   -0.00113005
  3       0.00014413    0.00000000    0.99999999    0.00000000
  4      -0.00000000   -0.00113005    0.00000000   -0.99999936
 Transformed matrix (check):
   -2.47521803    0.00000000    0.00033151    0.00000000
    0.00000000   -2.47519413    0.00000000    0.00279647
   -0.00000000    0.00000000   -0.17510751    0.00000000
    0.00000000   -0.00000000    0.00000000   -0.00055583

