 Original Matrix
  1      -2.45843992    0.00000000    0.00000000    0.00000000
  2       0.00000000   -2.45815660    0.00000000    0.00000000
  3      -0.00000088    0.00000000   -0.18613166    0.00000000
  4       0.00000000    0.00257982    0.00000000    0.00839639
 Eigenvalues:
  1      -2.45843992
  2      -2.45815929
  3      -0.18613166
  4       0.00839909
 Eigenvectors:
  1      -1.00000000   -0.00000000   -0.00000039    0.00000000
  2       0.00000000   -0.99999945   -0.00000000    0.00104592
  3      -0.00000039   -0.00000000    1.00000000    0.00000000
  4       0.00000000    0.00104592   -0.00000000    0.99999945
 Transformed matrix (check):
   -2.45843992    0.00000000   -0.00000088    0.00000000
    0.00000000   -2.45815660   -0.00000000    0.00257982
    0.00000000   -0.00000000   -0.18613166    0.00000000
   -0.00000000   -0.00000000    0.00000000    0.00839639