 Original Matrix
  1     -26.26684169    0.00000000    0.00000000    0.00000000    0.00000000    0.00000000    0.00000000    0.00000000    0.00000000    0.00000000
  2      -0.00198474   -1.54575014    0.00000000    0.00000000    0.00000000    0.00000000    0.00000000    0.00000000    0.00000000    0.00000000
  3       0.00095940   -0.00371673   -0.69281957    0.00000000    0.00000000    0.00000000    0.00000000    0.00000000    0.00000000    0.00000000
  4       0.00000000    0.00000000    0.00000000   -0.64563681    0.00000000    0.00000000    0.00000000    0.00000000    0.00000000    0.00000000
  5       0.00000000    0.00000000    0.00000000    0.00000000   -0.64563681    0.00000000    0.00000000    0.00000000    0.00000000    0.00000000
  6      -0.00003459    0.00388528    0.00557693    0.00000000    0.00000000    0.12894861    0.00000000    0.00000000    0.00000000    0.00000000
  7      -0.00028005    0.00402672    0.00565262    0.00000000    0.00000000    0.00342757    0.65384875    0.00000000    0.00000000    0.00000000
  8       0.00000000    0.00000000    0.00000000    0.00057214    0.00593882    0.00000000    0.00000000    1.35127718    0.00000000    0.00000000
  9       0.00000000    0.00000000    0.00000000    0.00593882   -0.00057214    0.00000000    0.00000000    0.00000000    1.35127718    0.00000000
 10      -0.00139619    0.00367578    0.00787768    0.00000000    0.00000000    0.00333682    0.00272684    0.00000000    0.00000000    1.51998804
 Eigenvalues:
  1     -26.26684196
  2      -1.54578719
  3      -0.69289203
  4      -0.64565464
  5      -0.64565464
  6       0.12896413
  7       0.65389360
  8       1.35129501
  9       1.35129501
 10       1.52003745

 Eigenvectors:
  1       0.99999999    0.00008027   -0.00003752   -0.00000000    0.00000000    0.00000130    0.00001039   -0.00000000    0.00000000    0.00005025
  2       0.00008002   -0.99998521   -0.00439597    0.00000000    0.00000000    0.00232838    0.00183679   -0.00000000   -0.00000000    0.00120612
  3      -0.00003810    0.00442341   -0.99995264    0.00000000   -0.00000000    0.00673296    0.00415953    0.00000000   -0.00000000    0.00353710
  4      -0.00000000    0.00000000   -0.00000000   -0.08653064    0.99624471    0.00000000   -0.00000000   -0.00293801    0.00054277    0.00000000
  5      -0.00000000    0.00000000   -0.00000000    0.99624471    0.08653064    0.00000000   -0.00000000   -0.00054277   -0.00293801    0.00000000
  6       0.00000104   -0.00228374   -0.00670697    0.00000000   -0.00000000   -0.99995012    0.00660694    0.00000000    0.00000000    0.00242977
  7      -0.00001023    0.00182969    0.00420050    0.00000000   -0.00000000    0.00656685    0.99996276   -0.00000000    0.00000000   -0.00321960
  8      -0.00000000    0.00000000    0.00000000   -0.00015899   -0.00298349   -0.00000000   -0.00000000   -0.99907959    0.04279076    0.00000000
  9      -0.00000000   -0.00000000    0.00000000    0.00298349   -0.00015899    0.00000000   -0.00000000    0.04279076    0.99907959    0.00000000
 10      -0.00005024    0.00120191    0.00357211   -0.00000000    0.00000000    0.00242420    0.00318655    0.00000000   -0.00000000    0.99998488

 Transformed matrix (check):
  -26.26684169   -0.00197822    0.00097417    0.00000000    0.00000000   -0.00002734    0.00027526    0.00000000    0.00000000    0.00139608
    0.00000037   -1.54575002    0.00377280    0.00000000    0.00000000   -0.00384891    0.00404156    0.00000000   -0.00000000    0.00370672
    0.00000046    0.00003270   -0.69282004   -0.00000000   -0.00000000   -0.00550322    0.00562262   -0.00000000   -0.00000000    0.00785849
    0.00000000    0.00000000   -0.00000000   -0.64563681    0.00000000    0.00000000   -0.00000000    0.00590799    0.00083183    0.00000000
    0.00000000    0.00000000   -0.00000000    0.00000000   -0.64563681    0.00000000   -0.00000000    0.00083183   -0.00590799    0.00000000
    0.00000021    0.00001060    0.00003521    0.00000000    0.00000000    0.12894908    0.00346377   -0.00000000    0.00000000    0.00339097
   -0.00000014   -0.00000354   -0.00001710   -0.00000000    0.00000000    0.00002336    0.65384878    0.00000000    0.00000000   -0.00278866
    0.00000000    0.00000000   -0.00000000   -0.00000005   -0.00000001   -0.00000000    0.00000000    1.35127718   -0.00000000    0.00000000
    0.00000000   -0.00000000   -0.00000000   -0.00000001    0.00000005    0.00000000    0.00000000   -0.00000000    1.35127718    0.00000000
   -0.00000000   -0.00000010   -0.00000499   -0.00000000   -0.00000000    0.00002422   -0.00003334    0.00000000    0.00000000    1.51998789

