 Original Matrix
  1     -26.24399049    0.00000000    0.00000000    0.00000000    0.00000000    0.00000000    0.00000000    0.00000000    0.00000000    0.00000000
  2      -0.00393248   -1.50631569    0.00000000    0.00000000    0.00000000    0.00000000    0.00000000    0.00000000    0.00000000    0.00000000
  3       0.00000000    0.00000000   -0.62959984    0.00000000    0.00000000    0.00000000    0.00000000    0.00000000    0.00000000    0.00000000
  4       0.00000000    0.00000000    0.00000000   -0.62959984    0.00000000    0.00000000    0.00000000    0.00000000    0.00000000    0.00000000
  5       0.00098186   -0.00107368    0.00000000    0.00000000   -0.62883240    0.00000000    0.00000000    0.00000000    0.00000000    0.00000000
  6       0.00053694    0.00137754    0.00000000    0.00000000    0.00928683    0.06396143    0.00000000    0.00000000    0.00000000    0.00000000
  7      -0.00016961    0.00218045    0.00000000    0.00000000    0.00710866    0.00406678    0.59133785    0.00000000    0.00000000    0.00000000
  8       0.00000000    0.00000000    0.00358423   -0.00044315    0.00000000    0.00000000    0.00000000    1.32827877    0.00000000    0.00000000
  9       0.00000000    0.00000000    0.00044315    0.00358423    0.00000000    0.00000000    0.00000000    0.00000000    1.32827877    0.00000000
 10      -0.00278398    0.00022910    0.00000000    0.00000000    0.00547911   -0.00161241    0.00005100    0.00000000    0.00000000    1.60079984
 Eigenvalues:
  1     -26.24399144
  2      -1.50631990
  3      -0.62960651
  4      -0.62960651
  5      -0.62900977
  6       0.06405268
  7       0.59141373
  8       1.32828543
  9       1.32828543
 10       1.60081525

 Eigenvectors:
  1      -0.99999998   -0.00015897   -0.00000000    0.00000000    0.00003834    0.00002040   -0.00000632    0.00000000   -0.00000000   -0.00009999
  2       0.00015892   -0.99999828   -0.00000000    0.00000000   -0.00124201    0.00088192    0.00104198    0.00000000   -0.00000000    0.00007651
  3       0.00000000    0.00000000   -0.69120251    0.72265876   -0.00000000    0.00000000    0.00000000    0.00142893   -0.00116650    0.00000000
  4      -0.00000000    0.00000000    0.72265876    0.69120251    0.00000000    0.00000000   -0.00000000   -0.00116650   -0.00142893   -0.00000000
  5      -0.00003855    0.00125987    0.00000000   -0.00000000   -0.99989010    0.01336935    0.00577755    0.00000000   -0.00000000    0.00246630
  6      -0.00002072   -0.00085712   -0.00000000    0.00000000   -0.01332714   -0.99987915    0.00789505   -0.00000000    0.00000000   -0.00100177
  7      -0.00000609    0.00104151    0.00000000   -0.00000000    0.00588356    0.00781638    0.99995160    0.00000000   -0.00000000   -0.00007023
  8      -0.00000000   -0.00000000   -0.00076865    0.00167682   -0.00000000    0.00000000    0.00000000   -0.52509541    0.85104137    0.00000000
  9      -0.00000000   -0.00000000   -0.00167682   -0.00076865   -0.00000000    0.00000000    0.00000000   -0.85104137   -0.52509541    0.00000000
 10       0.00009993   -0.00007260   -0.00000000    0.00000000   -0.00245320    0.00103414   -0.00006380   -0.00000000    0.00000000   -0.99999645

 Transformed matrix (check):
  -26.24399049    0.00393134    0.00000000    0.00000000   -0.00098721   -0.00054500   -0.00016354   -0.00000000   -0.00000000    0.00278255
   -0.00000005   -1.50631567    0.00000000    0.00000000    0.00110550   -0.00135749    0.00219014   -0.00000000    0.00000000   -0.00023378
    0.00000000    0.00000000   -0.62959984   -0.00000000    0.00000000   -0.00000000    0.00000000   -0.00341271   -0.00118169   -0.00000000
   -0.00000000    0.00000000   -0.00000000   -0.62959984   -0.00000000   -0.00000000   -0.00000000   -0.00118169    0.00341271    0.00000000
   -0.00000040    0.00001611    0.00000000   -0.00000000   -0.62883274   -0.00923284    0.00712260   -0.00000000   -0.00000000   -0.00549021
    0.00000013    0.00000441   -0.00000000   -0.00000000    0.00002282    0.06396216    0.00416377    0.00000000    0.00000000    0.00153932
    0.00000001   -0.00000011   -0.00000000   -0.00000000   -0.00000249    0.00005552    0.59133742   -0.00000000    0.00000000    0.00007083
   -0.00000000   -0.00000000    0.00000001    0.00000000   -0.00000000    0.00000000   -0.00000000    1.32827877    0.00000000   -0.00000000
   -0.00000000    0.00000000    0.00000000   -0.00000001   -0.00000000    0.00000000    0.00000000   -0.00000000    1.32827877   -0.00000000
   -0.00000000   -0.00000036    0.00000000    0.00000000    0.00000060   -0.00002273    0.00001358   -0.00000000   -0.00000000    1.60079987

