 Original Matrix
  1     -26.26905442    0.00000000    0.00000000    0.00000000    0.00000000    0.00000000    0.00000000    0.00000000    0.00000000    0.00000000
  2      -0.00164578   -1.57636845    0.00000000    0.00000000    0.00000000    0.00000000    0.00000000    0.00000000    0.00000000    0.00000000
  3       0.00084871   -0.00249334   -0.74147841    0.00000000    0.00000000    0.00000000    0.00000000    0.00000000    0.00000000    0.00000000
  4       0.00000000    0.00000000    0.00000000   -0.65350606    0.00000000    0.00000000    0.00000000    0.00000000    0.00000000    0.00000000
  5       0.00000000    0.00000000    0.00000000    0.00000000   -0.65350606    0.00000000    0.00000000    0.00000000    0.00000000    0.00000000
  6       0.00001261    0.00309961    0.00396288    0.00000000    0.00000000    0.16603795    0.00000000    0.00000000    0.00000000    0.00000000
  7      -0.00023799    0.00393091    0.00604740    0.00000000    0.00000000    0.00308650    0.73484785    0.00000000    0.00000000    0.00000000
  8       0.00000000    0.00000000    0.00000000   -0.00494484    0.00098891    0.00000000    0.00000000    1.38987853    0.00000000    0.00000000
  9       0.00000000    0.00000000    0.00000000   -0.00098891   -0.00494484    0.00000000    0.00000000    0.00000000    1.38987853    0.00000000
 10      -0.00089923    0.00247434    0.00655058    0.00000000    0.00000000    0.00211402    0.00206687    0.00000000    0.00000000    1.45892511
 Eigenvalues:
  1     -26.26905459
  2      -1.57639011
  3      -0.74153207
  4      -0.65351851
  5      -0.65351851
  6       0.16604009
  7       0.73489011
  8       1.38989098
  9       1.38989098
 10       1.45895620

 Eigenvectors:
  1      -1.00000000   -0.00006664    0.00003325    0.00000000   -0.00000000    0.00000048   -0.00000881    0.00000000   -0.00000000   -0.00003243
  2      -0.00006650    0.99999208    0.00301363    0.00000000    0.00000000   -0.00178173   -0.00170555    0.00000000   -0.00000000   -0.00081930
  3      -0.00003358    0.00303067   -0.99997331   -0.00000000    0.00000000    0.00433524    0.00407470   -0.00000000   -0.00000000    0.00296542
  4       0.00000000   -0.00000000    0.00000000    0.99631119    0.08577829   -0.00000000    0.00000000    0.00236947    0.00068975   -0.00000000
  5       0.00000000    0.00000000   -0.00000000    0.08577829   -0.99631119    0.00000000   -0.00000000    0.00068975   -0.00236947    0.00000000
  6      -0.00000061   -0.00175800   -0.00431335   -0.00000000    0.00000000   -0.99997278    0.00547812    0.00000000    0.00000000    0.00165153
  7       0.00000869   -0.00170050   -0.00409485   -0.00000000   -0.00000000   -0.00545265   -0.99997106    0.00000000    0.00000000    0.00291336
  8       0.00000000   -0.00000000   -0.00000000   -0.00243111    0.00042410    0.00000000    0.00000000    0.99969256    0.02467181   -0.00000000
  9       0.00000000    0.00000000   -0.00000000    0.00042410    0.00243111   -0.00000000    0.00000000    0.02467181   -0.99969256    0.00000000
 10       0.00003241   -0.00081817   -0.00298690    0.00000000   -0.00000000   -0.00165308   -0.00289078   -0.00000000   -0.00000000   -0.99998966

 Transformed matrix (check):
  -26.26905442   -0.00164209   -0.00085709    0.00000000    0.00000000   -0.00001624    0.00023456    0.00000000    0.00000000    0.00089874
    0.00000020   -1.57636840   -0.00253024    0.00000000   -0.00000000    0.00307498    0.00394302    0.00000000    0.00000000    0.00249590
   -0.00000026   -0.00002269   -0.74147863    0.00000000   -0.00000000   -0.00390954   -0.00602434   -0.00000000    0.00000000   -0.00654919
    0.00000000    0.00000000    0.00000000   -0.65350606   -0.00000000    0.00000000    0.00000000    0.00487506   -0.00128954   -0.00000000
    0.00000000   -0.00000000   -0.00000000   -0.00000000   -0.65350606    0.00000000    0.00000000    0.00128954    0.00487506   -0.00000000
   -0.00000010   -0.00000712    0.00002352    0.00000000    0.00000000    0.16603818   -0.00311321    0.00000000   -0.00000000   -0.00214426
   -0.00000007   -0.00000185    0.00001079   -0.00000000    0.00000000   -0.00001773    0.73484787    0.00000000   -0.00000000   -0.00210952
    0.00000000    0.00000000   -0.00000000   -0.00000003   -0.00000001    0.00000000    0.00000000    1.38987853    0.00000000    0.00000000
    0.00000000    0.00000000    0.00000000    0.00000001   -0.00000003   -0.00000000   -0.00000000    0.00000000    1.38987853   -0.00000000
   -0.00000000   -0.00000005    0.00000233    0.00000000    0.00000000   -0.00001417   -0.00002637    0.00000000   -0.00000000    1.45892501

