 Original Matrix
  1     -26.25386319    0.00000000    0.00000000    0.00000000    0.00000000    0.00000000    0.00000000    0.00000000    0.00000000    0.00000000
  2      -0.00289958   -1.49859791    0.00000000    0.00000000    0.00000000    0.00000000    0.00000000    0.00000000    0.00000000    0.00000000
  3       0.00000000    0.00000000   -0.62902582    0.00000000    0.00000000    0.00000000    0.00000000    0.00000000    0.00000000    0.00000000
  4       0.00000000    0.00000000    0.00000000   -0.62902582    0.00000000    0.00000000    0.00000000    0.00000000    0.00000000    0.00000000
  5       0.00043763    0.00402680    0.00000000    0.00000000   -0.58521813    0.00000000    0.00000000    0.00000000    0.00000000    0.00000000
  6       0.00080276    0.00009932    0.00000000    0.00000000    0.00469221    0.01572218    0.00000000    0.00000000    0.00000000    0.00000000
  7      -0.00009498    0.00105530    0.00000000    0.00000000    0.00428000    0.00356169    0.57616063    0.00000000    0.00000000    0.00000000
  8       0.00000000    0.00000000    0.00507421   -0.00152059    0.00000000    0.00000000    0.00000000    1.32992573    0.00000000    0.00000000
  9       0.00000000    0.00000000    0.00152059    0.00507421    0.00000000    0.00000000    0.00000000    0.00000000    1.32992573    0.00000000
 10      -0.00138047   -0.00285571    0.00000000    0.00000000   -0.01282749   -0.00848492   -0.00172783    0.00000000    0.00000000    1.42217481
 Eigenvalues:
  1     -26.25386363
  2      -1.49861853
  3      -0.62904015
  4      -0.62904015
  5      -0.58533382
  6       0.01568354
  7       0.57619585
  8       1.32994006
  9       1.32994006
 10       1.42231497

 Eigenvectors:
  1      -0.99999999   -0.00011714    0.00000000   -0.00000000    0.00001704    0.00003054   -0.00000355   -0.00000000    0.00000000   -0.00004987
  2      -0.00011726    0.99998976    0.00000000    0.00000000   -0.00439246   -0.00004537   -0.00049870   -0.00000000   -0.00000000    0.00095793
  3       0.00000000    0.00000000   -0.96646659    0.25677814   -0.00000000   -0.00000000    0.00000000    0.00270271    0.00008507   -0.00000000
  4       0.00000000   -0.00000000    0.25677814    0.96646659   -0.00000000    0.00000000    0.00000000    0.00008507   -0.00270271   -0.00000000
  5      -0.00001598   -0.00438395    0.00000000   -0.00000000   -0.99993387    0.00769540    0.00365559    0.00000000    0.00000000   -0.00635991
  6       0.00003038    0.00006987   -0.00000000   -0.00000000    0.00763294    0.99993185   -0.00639393   -0.00000000   -0.00000000    0.00609421
  7       0.00000346   -0.00051310   -0.00000000   -0.00000000   -0.00368860   -0.00635280   -0.99997055   -0.00000000   -0.00000000   -0.00216372
  8       0.00000000    0.00000000    0.00269943   -0.00015796    0.00000000    0.00000000   -0.00000000    0.97304268    0.23060924    0.00000000
  9       0.00000000   -0.00000000    0.00015796    0.00269943   -0.00000000    0.00000000   -0.00000000   -0.23060924    0.97304268    0.00000000
 10       0.00005004    0.00098739    0.00000000   -0.00000000    0.00641004    0.00605880    0.00210105    0.00000000    0.00000000   -0.99995840

 Transformed matrix (check):
  -26.25386319   -0.00290278    0.00000000    0.00000000   -0.00041076    0.00079798    0.00009279    0.00000000    0.00000000    0.00138488
   -0.00000021   -1.49859798   -0.00000000    0.00000000    0.00400426   -0.00008566    0.00104561   -0.00000000   -0.00000000   -0.00282628
    0.00000000   -0.00000000   -0.62902582   -0.00000000    0.00000000   -0.00000000   -0.00000000    0.00519021   -0.00105880    0.00000000
    0.00000000    0.00000000   -0.00000000   -0.62902582    0.00000000    0.00000000    0.00000000   -0.00105880   -0.00519021    0.00000000
    0.00000077   -0.00001469    0.00000000    0.00000000   -0.58521861    0.00458714   -0.00425906    0.00000000   -0.00000000    0.01280453
   -0.00000042    0.00001009   -0.00000000    0.00000000   -0.00006763    0.01572292    0.00357576   -0.00000000    0.00000000   -0.00857886
    0.00000009   -0.00000177   -0.00000000   -0.00000000    0.00000985    0.00000597    0.57616074   -0.00000000    0.00000000    0.00183058
    0.00000000   -0.00000000   -0.00000004    0.00000001    0.00000000   -0.00000000   -0.00000000    1.32992573    0.00000000   -0.00000000
    0.00000000   -0.00000000    0.00000001    0.00000004   -0.00000000    0.00000000    0.00000000    0.00000000    1.32992573    0.00000000
   -0.00000001    0.00000032   -0.00000000    0.00000000    0.00000269   -0.00002907    0.00004995   -0.00000000   -0.00000000    1.42217451

