 Original Matrix
  1     -26.26974476    0.00000000    0.00000000    0.00000000    0.00000000    0.00000000    0.00000000    0.00000000    0.00000000    0.00000000
  2      -0.00139547   -1.60445750    0.00000000    0.00000000    0.00000000    0.00000000    0.00000000    0.00000000    0.00000000    0.00000000
  3       0.00083405   -0.00179849   -0.77709581    0.00000000    0.00000000    0.00000000    0.00000000    0.00000000    0.00000000    0.00000000
  4       0.00000000    0.00000000    0.00000000   -0.65885132    0.00000000    0.00000000    0.00000000    0.00000000    0.00000000    0.00000000
  5       0.00000000    0.00000000    0.00000000    0.00000000   -0.65885132    0.00000000    0.00000000    0.00000000    0.00000000    0.00000000
  6      -0.00001818    0.00316078    0.00281974    0.00000000    0.00000000    0.18649559    0.00000000    0.00000000    0.00000000    0.00000000
  7      -0.00020551    0.00383824    0.00578959    0.00000000    0.00000000    0.00259220    0.81472820    0.00000000    0.00000000    0.00000000
  8       0.00000000    0.00000000    0.00000000   -0.00079442   -0.00317332    0.00000000    0.00000000    1.42138534    0.00000000    0.00000000
  9       0.00000000    0.00000000    0.00000000   -0.00317332    0.00079442    0.00000000    0.00000000    0.00000000    1.42138534    0.00000000
 10      -0.00055147    0.00152537    0.00613827    0.00000000    0.00000000    0.00128334    0.00123563    0.00000000    0.00000000    1.42261473
 Eigenvalues:
  1     -26.26974488
  2      -1.60447383
  3      -0.77713808
  4      -0.65885647
  5      -0.65885647
  6       0.18649715
  7       0.81476351
  8       1.42139049
  9       1.42139049
 10       1.42263658

 Eigenvectors:
  1       1.00000000    0.00005657   -0.00003272   -0.00000000   -0.00000000    0.00000068    0.00000759   -0.00000000    0.00000000    0.00001992
  2      -0.00005648    0.99999464    0.00219467    0.00000000    0.00000000   -0.00176562   -0.00158967   -0.00000000   -0.00000000   -0.00050697
  3       0.00003293   -0.00220695    0.99998290   -0.00000000   -0.00000000   -0.00290540   -0.00362470   -0.00000000    0.00000000   -0.00278512
  4       0.00000000    0.00000000   -0.00000000   -0.13475112   -0.99087823    0.00000000   -0.00000000   -0.00156300    0.00017285    0.00000000
  5      -0.00000000    0.00000000   -0.00000000    0.99087823   -0.13475112    0.00000000   -0.00000000    0.00017285    0.00156300    0.00000000
  6       0.00000063   -0.00175211   -0.00289127    0.00000000    0.00000000   -0.99998507    0.00416141    0.00000000   -0.00000000    0.00105055
  7      -0.00000752    0.00158794    0.00363445   -0.00000000    0.00000000    0.00414592    0.99998137   -0.00000000    0.00000000   -0.00208220
  8       0.00000000    0.00000000    0.00000000    0.00054724   -0.00147424    0.00000000    0.00000000    0.82491725   -0.56525132   -0.00000000
  9      -0.00000000    0.00000000    0.00000000   -0.00147424   -0.00054724    0.00000000   -0.00000000    0.56525132    0.82491725   -0.00000000
 10      -0.00001987    0.00050597    0.00279681    0.00000000   -0.00000000    0.00105019    0.00206690    0.00000000   -0.00000000    0.99999327

 Transformed matrix (check):
  -26.26974476    0.00139299   -0.00083935   -0.00000000    0.00000000   -0.00001669    0.00020359   -0.00000000    0.00000000    0.00055039
   -0.00000012   -1.60445747    0.00182592   -0.00000000   -0.00000000    0.00314408   -0.00384969   -0.00000000   -0.00000000   -0.00154087
   -0.00000017    0.00001729   -0.77709592    0.00000000    0.00000000    0.00278222   -0.00577229   -0.00000000   -0.00000000   -0.00614143
   -0.00000000   -0.00000000    0.00000000   -0.65885132    0.00000000    0.00000000   -0.00000000   -0.00288540   -0.00154126   -0.00000000
    0.00000000   -0.00000000    0.00000000    0.00000000   -0.65885132    0.00000000   -0.00000000   -0.00154126    0.00288540   -0.00000000
    0.00000005   -0.00000485   -0.00001629    0.00000000    0.00000000    0.18649571    0.00261292    0.00000000    0.00000000    0.00130401
   -0.00000003    0.00000072    0.00000657   -0.00000000   -0.00000000    0.00001377    0.81472821   -0.00000000    0.00000000   -0.00126574
   -0.00000000   -0.00000000   -0.00000000    0.00000001    0.00000000    0.00000000   -0.00000000    1.42138534   -0.00000000   -0.00000000
    0.00000000   -0.00000000   -0.00000000    0.00000000   -0.00000001    0.00000000    0.00000000   -0.00000000    1.42138534   -0.00000000
   -0.00000000    0.00000004    0.00000109   -0.00000000   -0.00000000    0.00000937   -0.00002085   -0.00000000   -0.00000000    1.42261468

