 Original Matrix
  1     -26.26905442    0.00000000    0.00000000    0.00000000    0.00000000    0.00000000    0.00000000    0.00000000    0.00000000    0.00000000
  2      -0.00164578   -1.57636845    0.00000000    0.00000000    0.00000000    0.00000000    0.00000000    0.00000000    0.00000000    0.00000000
  3       0.00084871   -0.00249334   -0.74147841    0.00000000    0.00000000    0.00000000    0.00000000    0.00000000    0.00000000    0.00000000
  4       0.00000000    0.00000000    0.00000000   -0.65350606    0.00000000    0.00000000    0.00000000    0.00000000    0.00000000    0.00000000
  5       0.00000000    0.00000000    0.00000000    0.00000000   -0.65350606    0.00000000    0.00000000    0.00000000    0.00000000    0.00000000
  6       0.00001526    0.00307845    0.00378296    0.00000000    0.00000000    0.16603795    0.00000000    0.00000000    0.00000000    0.00000000
  7      -0.00023825    0.00394502    0.00579930    0.00000000    0.00000000    0.00308650    0.73484785    0.00000000    0.00000000    0.00000000
  8       0.00000000    0.00000000    0.00000000   -0.00457209   -0.00109329    0.00000000    0.00000000    1.38987853    0.00000000    0.00000000
  9       0.00000000    0.00000000    0.00000000    0.00109329   -0.00457209    0.00000000    0.00000000    0.00000000    1.38987853    0.00000000
 10      -0.00090366    0.00258807    0.00640378    0.00000000    0.00000000    0.00211402    0.00206687    0.00000000    0.00000000    1.45892511
 Eigenvalues:
  1     -26.26905459
  2      -1.57639027
  3      -0.74152770
  4      -0.65351688
  5      -0.65351688
  6       0.16603851
  7       0.73488816
  8       1.38988935
  9       1.38988935
 10       1.45895551

 Eigenvectors:
  1       1.00000000    0.00006664   -0.00003325    0.00000000   -0.00000000   -0.00000058    0.00000882    0.00000000   -0.00000000    0.00003259
  2       0.00006650   -0.99999206   -0.00301286    0.00000000    0.00000000    0.00176921    0.00171131   -0.00000000    0.00000000    0.00085662
  3      -0.00003358    0.00302930   -0.99997502   -0.00000000   -0.00000000    0.00413783    0.00390716   -0.00000000   -0.00000000    0.00289891
  4      -0.00000000    0.00000000   -0.00000000    0.00740838    0.99996991   -0.00000000    0.00000000    0.00055160    0.00223347    0.00000000
  5       0.00000000   -0.00000000   -0.00000000    0.99996991   -0.00740838    0.00000000    0.00000000    0.00223347   -0.00055160   -0.00000000
  6      -0.00000071   -0.00174600   -0.00411694    0.00000000   -0.00000000   -0.99997366    0.00547419   -0.00000000    0.00000000    0.00165021
  7      -0.00000870    0.00170660    0.00392643   -0.00000000   -0.00000000    0.00545023    0.99997174    0.00000000   -0.00000000   -0.00291132
  8       0.00000000    0.00000000   -0.00000000    0.00080763   -0.00215415    0.00000000    0.00000000   -0.12366815    0.99232096    0.00000000
  9      -0.00000000   -0.00000000   -0.00000000   -0.00215415   -0.00080763   -0.00000000   -0.00000000    0.99232096    0.12366815    0.00000000
 10      -0.00003258    0.00085569    0.00291968    0.00000000    0.00000000    0.00165254    0.00288944   -0.00000000   -0.00000000    0.99998983

 Transformed matrix (check):
  -26.26905442   -0.00164205    0.00085700    0.00000000   -0.00000000    0.00001875    0.00023494   -0.00000000    0.00000000    0.00090327
    0.00000020   -1.57636840    0.00252909   -0.00000000   -0.00000000   -0.00305352    0.00395639    0.00000000   -0.00000000    0.00260936
    0.00000026    0.00002205   -0.74147862   -0.00000000   -0.00000000   -0.00373134    0.00577629   -0.00000000   -0.00000000    0.00640180
    0.00000000   -0.00000000   -0.00000000   -0.65350606    0.00000000    0.00000000    0.00000000    0.00438942    0.00168288    0.00000000
   -0.00000000   -0.00000000   -0.00000000    0.00000000   -0.65350606   -0.00000000    0.00000000   -0.00168288    0.00438942   -0.00000000
    0.00000010    0.00000721    0.00002280    0.00000000   -0.00000000    0.16603817    0.00311098    0.00000000   -0.00000000    0.00214254
   -0.00000007   -0.00000192   -0.00001064    0.00000000    0.00000000    0.00001636    0.73484788   -0.00000000    0.00000000   -0.00210804
   -0.00000000    0.00000000   -0.00000000   -0.00000002    0.00000001    0.00000000   -0.00000000    1.38987853   -0.00000000    0.00000000
    0.00000000   -0.00000000   -0.00000000   -0.00000001   -0.00000002   -0.00000000    0.00000000   -0.00000000    1.38987853    0.00000000
   -0.00000000   -0.00000005   -0.00000241    0.00000000    0.00000000    0.00001348   -0.00002539    0.00000000    0.00000000    1.45892502

