 Original Matrix
  1     -26.25714323    0.00000000    0.00000000    0.00000000    0.00000000    0.00000000    0.00000000    0.00000000    0.00000000    0.00000000
  2      -0.00277188   -1.50494539    0.00000000    0.00000000    0.00000000    0.00000000    0.00000000    0.00000000    0.00000000    0.00000000
  3       0.00000000    0.00000000   -0.63182415    0.00000000    0.00000000    0.00000000    0.00000000    0.00000000    0.00000000    0.00000000
  4       0.00000000    0.00000000    0.00000000   -0.63182415    0.00000000    0.00000000    0.00000000    0.00000000    0.00000000    0.00000000
  5       0.00044286    0.00444590    0.00000000    0.00000000   -0.60588005    0.00000000    0.00000000    0.00000000    0.00000000    0.00000000
  6       0.00083657   -0.00056678    0.00000000    0.00000000    0.00454604    0.03933053    0.00000000    0.00000000    0.00000000    0.00000000
  7      -0.00003572    0.00102466    0.00000000    0.00000000    0.00506161    0.00407133    0.58183566    0.00000000    0.00000000    0.00000000
  8       0.00000000    0.00000000    0.00431881    0.00280884    0.00000000    0.00000000    0.00000000    1.32689863    0.00000000    0.00000000
  9       0.00000000    0.00000000    0.00280884   -0.00431881    0.00000000    0.00000000    0.00000000    0.00000000    1.32689863    0.00000000
 10      -0.00146666   -0.00316212    0.00000000    0.00000000   -0.01156506   -0.00770606   -0.00210937    0.00000000    0.00000000    1.50512258
 Eigenvalues:
  1     -26.25714365
  2      -1.50497097
  3      -0.63183770
  4      -0.63183770
  5      -0.60597425
  6       0.03929052
  7       0.58188326
  8       1.32691218
  9       1.32691218
 10       1.50523521

 Eigenvectors:
  1      -0.99999999   -0.00011199    0.00000000    0.00000000    0.00001725    0.00003179   -0.00000134   -0.00000000   -0.00000000   -0.00005283
  2      -0.00011212    0.99998711   -0.00000000   -0.00000000   -0.00493075    0.00038800   -0.00047877    0.00000000   -0.00000000    0.00103215
  3      -0.00000000   -0.00000000   -0.99568556    0.09275424   -0.00000000   -0.00000000   -0.00000000    0.00206237    0.00163233   -0.00000000
  4      -0.00000000   -0.00000000   -0.09275424   -0.99568556   -0.00000000   -0.00000000   -0.00000000    0.00163233   -0.00206237   -0.00000000
  5      -0.00001620   -0.00492556    0.00000000    0.00000000   -0.99993989    0.00694822    0.00423178    0.00000000   -0.00000000   -0.00545569
  6       0.00003168   -0.00036309   -0.00000000   -0.00000000    0.00688911    0.99993368   -0.00754662   -0.00000000    0.00000000    0.00529952
  7       0.00000121   -0.00049441    0.00000000    0.00000000   -0.00426847   -0.00750486   -0.99995972    0.00000000    0.00000000   -0.00240246
  8       0.00000000   -0.00000000   -0.00133489    0.00226627    0.00000000    0.00000000   -0.00000000    0.04431138   -0.99901431    0.00000000
  9       0.00000000    0.00000000   -0.00226627   -0.00133489   -0.00000000   -0.00000000   -0.00000000   -0.99901431   -0.04431138   -0.00000000
 10       0.00005297    0.00105831    0.00000000    0.00000000    0.00549721    0.00527986    0.00233886    0.00000000   -0.00000000   -0.99996765

 Transformed matrix (check):
  -26.25714323   -0.00277520   -0.00000000   -0.00000000   -0.00041602    0.00083293    0.00003254    0.00000000    0.00000000    0.00147036
   -0.00000022   -1.50494545    0.00000000    0.00000000    0.00442843    0.00058263    0.00100833    0.00000000   -0.00000000   -0.00313044
   -0.00000000    0.00000000   -0.63182415    0.00000000    0.00000000   -0.00000000    0.00000000   -0.00301515   -0.00417734    0.00000000
   -0.00000000    0.00000000    0.00000000   -0.63182415    0.00000000   -0.00000000    0.00000000    0.00417734   -0.00301515    0.00000000
    0.00000075   -0.00001269    0.00000000    0.00000000   -0.60588043    0.00444378   -0.00504438    0.00000000   -0.00000000    0.01155301
   -0.00000041    0.00001005   -0.00000000   -0.00000000   -0.00006157    0.03933113    0.00408696   -0.00000000    0.00000000   -0.00777771
    0.00000012   -0.00000231    0.00000000    0.00000000    0.00001026    0.00000699    0.58183577   -0.00000000   -0.00000000    0.00221821
    0.00000000    0.00000000    0.00000002   -0.00000003    0.00000000   -0.00000000   -0.00000000    1.32689863    0.00000000   -0.00000000
    0.00000000   -0.00000000    0.00000003    0.00000002   -0.00000000    0.00000000   -0.00000000    0.00000000    1.32689863    0.00000000
   -0.00000001    0.00000030   -0.00000000   -0.00000000    0.00000373   -0.00002349    0.00005033   -0.00000000    0.00000000    1.50512232

