 Original Matrix
  1     -26.25386319    0.00000000    0.00000000    0.00000000    0.00000000    0.00000000    0.00000000    0.00000000    0.00000000    0.00000000
  2      -0.00289958   -1.49859791    0.00000000    0.00000000    0.00000000    0.00000000    0.00000000    0.00000000    0.00000000    0.00000000
  3       0.00000000    0.00000000   -0.62902582    0.00000000    0.00000000    0.00000000    0.00000000    0.00000000    0.00000000    0.00000000
  4       0.00000000    0.00000000    0.00000000   -0.62902582    0.00000000    0.00000000    0.00000000    0.00000000    0.00000000    0.00000000
  5       0.00043763    0.00402680    0.00000000    0.00000000   -0.58521813    0.00000000    0.00000000    0.00000000    0.00000000    0.00000000
  6       0.00080885    0.00000081    0.00000000    0.00000000    0.00423229    0.01572218    0.00000000    0.00000000    0.00000000    0.00000000
  7      -0.00009530    0.00110729    0.00000000    0.00000000    0.00419761    0.00356169    0.57616063    0.00000000    0.00000000    0.00000000
  8       0.00000000    0.00000000    0.00427341   -0.00228563    0.00000000    0.00000000    0.00000000    1.32992573    0.00000000    0.00000000
  9       0.00000000    0.00000000    0.00228563    0.00427341    0.00000000    0.00000000    0.00000000    0.00000000    1.32992573    0.00000000
 10      -0.00138912   -0.00271424    0.00000000    0.00000000   -0.01270124   -0.00848492   -0.00172783    0.00000000    0.00000000    1.42217481
 Eigenvalues:
  1     -26.25386364
  2      -1.49861831
  3      -0.62903781
  4      -0.62903781
  5      -0.58532488
  6       0.01567689
  7       0.57619528
  8       1.32993772
  9       1.32993772
 10       1.42231305

 Eigenvectors:
  1      -0.99999999   -0.00011714    0.00000000   -0.00000000    0.00001704    0.00003077   -0.00000356   -0.00000000   -0.00000000   -0.00005019
  2      -0.00011725    0.99998979   -0.00000000    0.00000000   -0.00439351    0.00001814   -0.00052407    0.00000000   -0.00000000    0.00090985
  3       0.00000000   -0.00000000    0.03847989   -0.99925631    0.00000000   -0.00000000    0.00000000   -0.00124983    0.00213494    0.00000000
  4       0.00000000   -0.00000000   -0.99925631   -0.03847989   -0.00000000    0.00000000    0.00000000    0.00213494    0.00124983   -0.00000000
  5      -0.00001601   -0.00438580    0.00000000   -0.00000000   -0.99994008    0.00693094    0.00358734    0.00000000   -0.00000000   -0.00630008
  6       0.00003060    0.00000316    0.00000000   -0.00000000    0.00686964    0.99993748   -0.00638695    0.00000000   -0.00000000    0.00608651
  7       0.00000347   -0.00053787    0.00000000    0.00000000   -0.00361548   -0.00634917   -0.99997083    0.00000000    0.00000000   -0.00216203
  8      -0.00000000    0.00000000   -0.00066345   -0.00238325   -0.00000000   -0.00000000    0.00000000    0.21787061   -0.97597453   -0.00000000
  9      -0.00000000    0.00000000   -0.00238325    0.00066345   -0.00000000    0.00000000   -0.00000000   -0.97597453   -0.21787061   -0.00000000
 10       0.00005036    0.00093870    0.00000000   -0.00000000    0.00634559    0.00605645    0.00210010    0.00000000    0.00000000   -0.99995888

 Transformed matrix (check):
  -26.25386319   -0.00290267    0.00000000    0.00000000   -0.00041135    0.00080389    0.00009319   -0.00000000   -0.00000000    0.00139367
   -0.00000020   -1.49859797    0.00000000    0.00000000    0.00400595    0.00001335    0.00109758   -0.00000000   -0.00000000   -0.00268512
    0.00000000    0.00000000   -0.62902582   -0.00000000   -0.00000000   -0.00000000   -0.00000000   -0.00461522    0.00147835   -0.00000000
    0.00000000    0.00000000   -0.00000000   -0.62902582    0.00000000    0.00000000    0.00000000   -0.00147835   -0.00461522    0.00000000
    0.00000075   -0.00001374   -0.00000000    0.00000000   -0.58521855    0.00412825   -0.00417700    0.00000000   -0.00000000    0.01268140
   -0.00000042    0.00000976   -0.00000000    0.00000000   -0.00006699    0.01572283    0.00357187    0.00000000   -0.00000000   -0.00856802
    0.00000009   -0.00000168   -0.00000000    0.00000000    0.00000960    0.00000394    0.57616075   -0.00000000   -0.00000000    0.00182914
   -0.00000000   -0.00000000    0.00000003    0.00000001    0.00000000    0.00000000   -0.00000000    1.32992573   -0.00000000    0.00000000
   -0.00000000   -0.00000000   -0.00000001    0.00000003   -0.00000000   -0.00000000   -0.00000000   -0.00000000    1.32992573    0.00000000
   -0.00000001    0.00000031    0.00000000    0.00000000    0.00000257   -0.00002577    0.00004913   -0.00000000    0.00000000    1.42217454

