 Original Matrix
  1     -26.26182770    0.00000000    0.00000000    0.00000000    0.00000000    0.00000000    0.00000000    0.00000000    0.00000000    0.00000000
  2      -0.00245568   -1.52380431    0.00000000    0.00000000    0.00000000    0.00000000    0.00000000    0.00000000    0.00000000    0.00000000
  3       0.00110689   -0.00492373   -0.65048003    0.00000000    0.00000000    0.00000000    0.00000000    0.00000000    0.00000000    0.00000000
  4       0.00000000    0.00000000    0.00000000   -0.63824776    0.00000000    0.00000000    0.00000000    0.00000000    0.00000000    0.00000000
  5       0.00000000    0.00000000    0.00000000    0.00000000   -0.63824776    0.00000000    0.00000000    0.00000000    0.00000000    0.00000000
  6      -0.00010547    0.00481921    0.00665163    0.00000000    0.00000000    0.08810333    0.00000000    0.00000000    0.00000000    0.00000000
  7      -0.00031560    0.00387007    0.00465683    0.00000000    0.00000000    0.00328565    0.60750735    0.00000000    0.00000000    0.00000000
  8       0.00000000    0.00000000    0.00000000    0.00202467   -0.00502822    0.00000000    0.00000000    1.32985579    0.00000000    0.00000000
  9       0.00000000    0.00000000    0.00000000    0.00502822    0.00202467    0.00000000    0.00000000    0.00000000    1.32985579    0.00000000
 10      -0.00197586    0.00470791    0.00924287    0.00000000    0.00000000    0.00427161    0.00290369    0.00000000    0.00000000    1.57764503
 Eigenvalues:
  1     -26.26182814
  2      -1.52386080
  3      -0.65056620
  4      -0.63826268
  5      -0.63826268
  6       0.08814321
  7       0.60754364
  8       1.32987072
  9       1.32987072
 10       1.57771194

 Eigenvectors:
  1       0.99999999    0.00009924   -0.00004323   -0.00000000    0.00000000    0.00000398    0.00001173    0.00000000   -0.00000000    0.00007097
  2       0.00009885   -0.99997648   -0.00568633   -0.00000000   -0.00000000    0.00300529    0.00182145   -0.00000000    0.00000000    0.00152907
  3      -0.00004416    0.00572582   -0.99992863    0.00000000    0.00000000    0.00892684    0.00365086   -0.00000000   -0.00000000    0.00411381
  4       0.00000000    0.00000000   -0.00000000   -0.22355677   -0.97468702    0.00000000   -0.00000000   -0.00226018    0.00157385    0.00000000
  5      -0.00000000   -0.00000000    0.00000000   -0.97468702    0.22355677   -0.00000000    0.00000000    0.00157385    0.00226018    0.00000000
  6       0.00000361   -0.00293835   -0.00890827   -0.00000000   -0.00000000   -0.99993119    0.00641131   -0.00000000   -0.00000000    0.00291969
  7      -0.00001156    0.00181480    0.00370559   -0.00000000   -0.00000000    0.00636424    0.99996654    0.00000000   -0.00000000   -0.00306524
  8       0.00000000   -0.00000000   -0.00000000   -0.00265948   -0.00071595    0.00000000   -0.00000000   -0.11953930   -0.99282565    0.00000000
  9       0.00000000    0.00000000    0.00000000   -0.00071595    0.00265948    0.00000000    0.00000000   -0.99282565    0.11953930   -0.00000000
 10      -0.00007099    0.00151964    0.00415966   -0.00000000    0.00000000    0.00289773    0.00302867   -0.00000000    0.00000000    0.99998141

 Transformed matrix (check):
  -26.26182770   -0.00244542    0.00113061   -0.00000000    0.00000000   -0.00009484    0.00031037    0.00000000   -0.00000000    0.00197610
    0.00000061   -1.52380411    0.00500043    0.00000000   -0.00000000   -0.00477397    0.00388462   -0.00000000    0.00000000    0.00474770
    0.00000073    0.00004226   -0.65048079   -0.00000000    0.00000000   -0.00656706    0.00461900    0.00000000    0.00000000    0.00919953
   -0.00000000    0.00000000   -0.00000000   -0.63824776    0.00000000   -0.00000000   -0.00000000   -0.00254354    0.00478667    0.00000000
    0.00000000   -0.00000000    0.00000000    0.00000000   -0.63824776    0.00000000    0.00000000   -0.00478667   -0.00254354    0.00000000
    0.00000035    0.00001302    0.00004520   -0.00000000    0.00000000    0.08810403    0.00332526    0.00000000    0.00000000    0.00435906
   -0.00000021   -0.00000475   -0.00002164   -0.00000000    0.00000000    0.00002434    0.60750739    0.00000000   -0.00000000   -0.00297374
    0.00000000   -0.00000000    0.00000000    0.00000002    0.00000004    0.00000000    0.00000000    1.32985579   -0.00000000    0.00000000
   -0.00000000    0.00000000    0.00000000   -0.00000004    0.00000002    0.00000000   -0.00000000    0.00000000    1.32985579   -0.00000000
   -0.00000001   -0.00000014   -0.00000828   -0.00000000    0.00000000    0.00003451   -0.00003478    0.00000000   -0.00000000    1.57764485

