 Original Matrix
  1     -26.17002493    0.00000000    0.00000000    0.00000000    0.00000000    0.00000000    0.00000000    0.00000000    0.00000000    0.00000000
  2      -0.00676955   -1.44754496    0.00000000    0.00000000    0.00000000    0.00000000    0.00000000    0.00000000    0.00000000    0.00000000
  3       0.00000000    0.00000000   -0.59219462    0.00000000    0.00000000    0.00000000    0.00000000    0.00000000    0.00000000    0.00000000
  4       0.00000000    0.00000000    0.00000000   -0.59219462    0.00000000    0.00000000    0.00000000    0.00000000    0.00000000    0.00000000
  5       0.00036845   -0.00055472    0.00000000    0.00000000   -0.46738001    0.00000000    0.00000000    0.00000000    0.00000000    0.00000000
  6       0.00054934    0.00188589    0.00000000    0.00000000   -0.00511768   -0.10619408    0.00000000    0.00000000    0.00000000    0.00000000
  7      -0.00070370    0.00231866    0.00000000    0.00000000   -0.00159955   -0.00282407    0.56610861    0.00000000    0.00000000    0.00000000
  8      -0.00100625   -0.00020865    0.00000000    0.00000000   -0.01249777   -0.01268945    0.00216145    1.28518443    0.00000000    0.00000000
  9       0.00000000    0.00000000   -0.00049806    0.00113976    0.00000000    0.00000000    0.00000000    0.00000000    1.35055722    0.00000000
 10       0.00000000    0.00000000   -0.00113976   -0.00049806    0.00000000    0.00000000    0.00000000    0.00000000    0.00000000    1.35055722
 Eigenvalues:
  1     -26.17002685
  2      -1.44754876
  3      -0.59219542
  4      -0.59219542
  5      -0.46754647
  6      -0.10624284
  7       0.56611862
  8       1.28539536
  9       1.35055801
 10       1.35055801

 Eigenvectors:
  1      -0.99999996   -0.00027382    0.00000000   -0.00000000    0.00001431    0.00002108   -0.00002629   -0.00003663    0.00000000    0.00000000
  2       0.00027381   -0.99999815   -0.00000000    0.00000000   -0.00055775    0.00140545    0.00115317   -0.00007319   -0.00000000   -0.00000000
  3       0.00000000    0.00000000   -0.31921170    0.94768322    0.00000000    0.00000000    0.00000000   -0.00000000   -0.00063781    0.00005569
  4       0.00000000    0.00000000   -0.94768322   -0.31921170    0.00000000    0.00000000    0.00000000   -0.00000000   -0.00005569   -0.00063781
  5      -0.00001446    0.00053611    0.00000000   -0.00000000   -0.99986835   -0.01442973   -0.00157278   -0.00723199    0.00000000    0.00000000
  6       0.00002004    0.00141744   -0.00000000    0.00000000   -0.01450010    0.99984499    0.00413139    0.00898189   -0.00000000   -0.00000000
  7       0.00002660   -0.00114840   -0.00000000    0.00000000    0.00149033    0.00412733   -0.99998489    0.00310432   -0.00000000    0.00000000
  8      -0.00003698   -0.00007849   -0.00000000    0.00000000   -0.00710597   -0.00909822    0.00305609    0.99992869   -0.00000000    0.00000000
  9       0.00000000    0.00000000   -0.00058670   -0.00025629    0.00000000    0.00000000    0.00000000    0.00000000    0.00013392    0.99999979
 10      -0.00000000   -0.00000000    0.00025629   -0.00058670   -0.00000000   -0.00000000    0.00000000   -0.00000000   -0.99999979    0.00013392

 Transformed matrix (check):
  -26.17002493    0.00676937    0.00000000    0.00000000   -0.00037144    0.00052297    0.00071044   -0.00101497    0.00000000   -0.00000000
   -0.00000002   -1.44754496    0.00000000    0.00000000    0.00052537    0.00189844   -0.00231557   -0.00020608   -0.00000000    0.00000000
    0.00000000   -0.00000000   -0.59219462    0.00000000    0.00000000   -0.00000000   -0.00000000   -0.00000000    0.00010802    0.00123913
    0.00000000   -0.00000000    0.00000000   -0.59219462    0.00000000   -0.00000000   -0.00000000   -0.00000000   -0.00123913    0.00010802
    0.00000040   -0.00000806    0.00000000    0.00000000   -0.46737867   -0.00523785    0.00158084   -0.01263328    0.00000000   -0.00000000
   -0.00000053    0.00000207   -0.00000000   -0.00000000   -0.00009445   -0.10619592   -0.00275864    0.01250600    0.00000000   -0.00000000
   -0.00000008   -0.00000031   -0.00000000   -0.00000000   -0.00001566    0.00002990    0.56610887    0.00223201    0.00000000   -0.00000000
    0.00000001    0.00000017   -0.00000000   -0.00000000    0.00000214   -0.00003824    0.00003610    1.28518467   -0.00000000    0.00000000
    0.00000000   -0.00000000   -0.00000000    0.00000000    0.00000000   -0.00000000    0.00000000   -0.00000000    1.35055722   -0.00000000
   -0.00000000    0.00000000   -0.00000000   -0.00000000   -0.00000000    0.00000000   -0.00000000    0.00000000    0.00000000    1.35055722

