 Original Matrix
  1     -26.26943065    0.00000000    0.00000000    0.00000000    0.00000000    0.00000000    0.00000000    0.00000000    0.00000000    0.00000000
  2      -0.00152986   -1.58946490    0.00000000    0.00000000    0.00000000    0.00000000    0.00000000    0.00000000    0.00000000    0.00000000
  3       0.00083062   -0.00212926   -0.75897876    0.00000000    0.00000000    0.00000000    0.00000000    0.00000000    0.00000000    0.00000000
  4       0.00000000    0.00000000    0.00000000   -0.65616484    0.00000000    0.00000000    0.00000000    0.00000000    0.00000000    0.00000000
  5       0.00000000    0.00000000    0.00000000    0.00000000   -0.65616484    0.00000000    0.00000000    0.00000000    0.00000000    0.00000000
  6       0.00000837    0.00301084    0.00326160    0.00000000    0.00000000    0.17675914    0.00000000    0.00000000    0.00000000    0.00000000
  7      -0.00022321    0.00388018    0.00577778    0.00000000    0.00000000    0.00285510    0.77187882    0.00000000    0.00000000    0.00000000
  8       0.00000000    0.00000000    0.00000000   -0.00259559   -0.00303695    0.00000000    0.00000000    1.40564044    0.00000000    0.00000000
  9       0.00000000    0.00000000    0.00000000   -0.00303695    0.00259559    0.00000000    0.00000000    0.00000000    1.40564044    0.00000000
 10      -0.00073514    0.00209492    0.00611636    0.00000000    0.00000000    0.00169271    0.00169257    0.00000000    0.00000000    1.44002672
 Eigenvalues:
  1     -26.26943079
  2      -1.58948330
  3      -0.75902316
  4      -0.65617258
  5      -0.65617258
  6       0.17675935
  7       0.77191638
  8       1.40564818
  9       1.40564818
 10       1.44005189

 Eigenvectors:
  1      -1.00000000   -0.00006198    0.00003256   -0.00000000   -0.00000000    0.00000032   -0.00000825   -0.00000000    0.00000000   -0.00002653
  2      -0.00006187    0.99999360    0.00258714    0.00000000   -0.00000000   -0.00170610   -0.00164696   -0.00000000    0.00000000   -0.00069487
  3       0.00003283   -0.00260112    0.99997972    0.00000000    0.00000000   -0.00346051   -0.00375791    0.00000000    0.00000000   -0.00277326
  4       0.00000000    0.00000000   -0.00000000    0.35720888    0.93402252    0.00000000   -0.00000000    0.00182545   -0.00064968    0.00000000
  5      -0.00000000    0.00000000   -0.00000000   -0.93402252    0.35720888    0.00000000   -0.00000000   -0.00064968   -0.00182545    0.00000000
  6      -0.00000041   -0.00168826   -0.00344296   -0.00000000   -0.00000000   -0.99998003    0.00483802    0.00000000    0.00000000    0.00135290
  7       0.00000816   -0.00164360   -0.00377168    0.00000000    0.00000000   -0.00481875   -0.99997658    0.00000000   -0.00000000    0.00258521
  8      -0.00000000   -0.00000000   -0.00000000   -0.00121241   -0.00151143    0.00000000    0.00000000    0.99951327   -0.03113620    0.00000000
  9       0.00000000   -0.00000000    0.00000000   -0.00151143    0.00121241    0.00000000   -0.00000000    0.03113620    0.99951327    0.00000000
 10       0.00002651   -0.00069418   -0.00278944   -0.00000000    0.00000000   -0.00135456   -0.00256706    0.00000000    0.00000000   -0.99999166

 Transformed matrix (check):
  -26.26943065   -0.00152684    0.00083730    0.00000000   -0.00000000   -0.00001080    0.00022060   -0.00000000    0.00000000    0.00073450
    0.00000016   -1.58946486    0.00216016   -0.00000000   -0.00000000    0.00299020    0.00389123   -0.00000000    0.00000000    0.00211322
    0.00000021    0.00001931   -0.75897891    0.00000000    0.00000000    0.00321755    0.00575748    0.00000000   -0.00000000    0.00611770
    0.00000000   -0.00000000    0.00000000   -0.65616484    0.00000000    0.00000000    0.00000000    0.00380362   -0.00122167   -0.00000000
   -0.00000000   -0.00000000    0.00000000    0.00000000   -0.65616484   -0.00000000    0.00000000   -0.00122167   -0.00380362   -0.00000000
   -0.00000007   -0.00000597   -0.00001922   -0.00000000    0.00000000    0.17675930   -0.00287707    0.00000000    0.00000000   -0.00171647
   -0.00000005   -0.00000130   -0.00000851    0.00000000    0.00000000   -0.00001470    0.77187885    0.00000000   -0.00000000   -0.00172731
   -0.00000000   -0.00000000    0.00000000   -0.00000001    0.00000000    0.00000000    0.00000000    1.40564044   -0.00000000   -0.00000000
    0.00000000    0.00000000   -0.00000000    0.00000000    0.00000001    0.00000000   -0.00000000   -0.00000000    1.40564044   -0.00000000
   -0.00000000   -0.00000004   -0.00000169    0.00000000    0.00000000   -0.00001104   -0.00002267   -0.00000000   -0.00000000    1.44002665

