 Original Matrix
  1     -26.26684169    0.00000000    0.00000000    0.00000000    0.00000000    0.00000000    0.00000000    0.00000000    0.00000000    0.00000000
  2      -0.00198474   -1.54575014    0.00000000    0.00000000    0.00000000    0.00000000    0.00000000    0.00000000    0.00000000    0.00000000
  3       0.00095940   -0.00371673   -0.69281957    0.00000000    0.00000000    0.00000000    0.00000000    0.00000000    0.00000000    0.00000000
  4       0.00000000    0.00000000    0.00000000   -0.64563681    0.00000000    0.00000000    0.00000000    0.00000000    0.00000000    0.00000000
  5       0.00000000    0.00000000    0.00000000    0.00000000   -0.64563681    0.00000000    0.00000000    0.00000000    0.00000000    0.00000000
  6      -0.00003305    0.00389524    0.00525484    0.00000000    0.00000000    0.12894861    0.00000000    0.00000000    0.00000000    0.00000000
  7      -0.00028168    0.00405957    0.00535190    0.00000000    0.00000000    0.00342757    0.65384875    0.00000000    0.00000000    0.00000000
  8       0.00000000    0.00000000    0.00000000    0.00553207    0.00064585    0.00000000    0.00000000    1.35127718    0.00000000    0.00000000
  9       0.00000000    0.00000000    0.00000000   -0.00064585    0.00553207    0.00000000    0.00000000    0.00000000    1.35127718    0.00000000
 10      -0.00140385    0.00384360    0.00770946    0.00000000    0.00000000    0.00333682    0.00272684    0.00000000    0.00000000    1.51998804
 Eigenvalues:
  1     -26.26684196
  2      -1.54578776
  3      -0.69288420
  4      -0.64565235
  5      -0.64565235
  6       0.12896001
  7       0.65389125
  8       1.35129272
  9       1.35129272
 10       1.52003666

 Eigenvectors:
  1       0.99999999    0.00008027   -0.00003752    0.00000000   -0.00000000    0.00000124    0.00001045   -0.00000000    0.00000000    0.00005052
  2       0.00008002   -0.99998511   -0.00439481   -0.00000000   -0.00000000    0.00233334    0.00185104    0.00000000    0.00000000    0.00126060
  3      -0.00003810    0.00442113   -0.99995637   -0.00000000    0.00000000    0.00634234    0.00393733    0.00000000    0.00000000    0.00346165
  4      -0.00000000    0.00000000    0.00000000   -0.15998541    0.98711544    0.00000000   -0.00000000    0.00012395   -0.00278634   -0.00000000
  5      -0.00000000   -0.00000000   -0.00000000    0.98711544    0.15998541   -0.00000000    0.00000000   -0.00278634   -0.00012395    0.00000000
  6       0.00000100   -0.00229022   -0.00631806   -0.00000000    0.00000000   -0.99995270    0.00659931   -0.00000000   -0.00000000    0.00242711
  7      -0.00001030    0.00184478    0.00397600   -0.00000000    0.00000000    0.00656222    0.99996369   -0.00000000   -0.00000000   -0.00321718
  8      -0.00000000   -0.00000000   -0.00000000   -0.00264737   -0.00087777    0.00000000   -0.00000000   -0.97927306   -0.20252531    0.00000000
  9      -0.00000000   -0.00000000    0.00000000    0.00087777   -0.00264737    0.00000000    0.00000000    0.20252531   -0.97927306   -0.00000000
 10      -0.00005053    0.00125678    0.00349522    0.00000000    0.00000000    0.00242325    0.00318513    0.00000000    0.00000000    0.99998509

 Transformed matrix (check):
  -26.26684169   -0.00197813    0.00097401    0.00000000    0.00000000   -0.00002615    0.00027708    0.00000000   -0.00000000    0.00140389
    0.00000038   -1.54575003    0.00377086    0.00000000   -0.00000000   -0.00385834    0.00407341   -0.00000000   -0.00000000    0.00387413
    0.00000045    0.00003171   -0.69282001   -0.00000000    0.00000000   -0.00518360    0.00532156   -0.00000000    0.00000000    0.00768974
    0.00000000    0.00000000   -0.00000000   -0.64563681    0.00000000   -0.00000000   -0.00000000    0.00088448    0.00549892   -0.00000000
    0.00000000   -0.00000000    0.00000000    0.00000000   -0.64563681    0.00000000    0.00000000    0.00549892   -0.00088448    0.00000000
    0.00000021    0.00001081    0.00003413   -0.00000000    0.00000000    0.12894904    0.00345978    0.00000000    0.00000000    0.00338725
   -0.00000014   -0.00000368   -0.00001689   -0.00000000    0.00000000    0.00002093    0.65384879    0.00000000    0.00000000   -0.00278656
    0.00000000   -0.00000000   -0.00000000   -0.00000001   -0.00000004    0.00000000    0.00000000    1.35127718   -0.00000000    0.00000000
   -0.00000000   -0.00000000    0.00000000   -0.00000004    0.00000001    0.00000000    0.00000000   -0.00000000    1.35127718   -0.00000000
   -0.00000000   -0.00000010   -0.00000516   -0.00000000    0.00000000    0.00002290   -0.00003210    0.00000000    0.00000000    1.51998790

