 Original Matrix
  1     -26.26561070    0.00000000    0.00000000    0.00000000    0.00000000    0.00000000    0.00000000    0.00000000    0.00000000    0.00000000
  2      -0.00211514   -1.53772813    0.00000000    0.00000000    0.00000000    0.00000000    0.00000000    0.00000000    0.00000000    0.00000000
  3       0.00100525   -0.00413796   -0.67797986    0.00000000    0.00000000    0.00000000    0.00000000    0.00000000    0.00000000    0.00000000
  4       0.00000000    0.00000000    0.00000000   -0.64313997    0.00000000    0.00000000    0.00000000    0.00000000    0.00000000    0.00000000
  5       0.00000000    0.00000000    0.00000000    0.00000000   -0.64313997    0.00000000    0.00000000    0.00000000    0.00000000    0.00000000
  6      -0.00005979    0.00423685    0.00571831    0.00000000    0.00000000    0.11548825    0.00000000    0.00000000    0.00000000    0.00000000
  7      -0.00029459    0.00403504    0.00511642    0.00000000    0.00000000    0.00342226    0.63519694    0.00000000    0.00000000    0.00000000
  8       0.00000000    0.00000000    0.00000000   -0.00515364    0.00223617    0.00000000    0.00000000    1.34221748    0.00000000    0.00000000
  9       0.00000000    0.00000000    0.00000000    0.00223617    0.00515364    0.00000000    0.00000000    0.00000000    1.34221748    0.00000000
 10      -0.00158103    0.00417788    0.00819714    0.00000000    0.00000000    0.00370497    0.00283245    0.00000000    0.00000000    1.54011522
 Eigenvalues:
  1     -26.26561101
  2      -1.53777215
  3      -0.67805028
  4      -0.64315587
  5      -0.64315587
  6       0.11550711
  7       0.63523797
  8       1.34223338
  9       1.34223338
 10       1.54017008

 Eigenvectors:
  1       0.99999999    0.00008552   -0.00003929    0.00000000   -0.00000000    0.00000225    0.00001094    0.00000000    0.00000000    0.00005686
  2       0.00008522   -0.99998224   -0.00485396   -0.00000000    0.00000000    0.00257255    0.00186250   -0.00000000   -0.00000000    0.00136552
  3      -0.00003998    0.00488437   -0.99994838   -0.00000000   -0.00000000    0.00714588    0.00385426   -0.00000000    0.00000000    0.00366918
  4       0.00000000   -0.00000000    0.00000000    0.95340217   -0.30168907    0.00000000   -0.00000000    0.00281464   -0.00029071    0.00000000
  5      -0.00000000    0.00000000   -0.00000000    0.30168907    0.95340217   -0.00000000    0.00000000   -0.00029071   -0.00281464    0.00000000
  6       0.00000196   -0.00252188   -0.00712284   -0.00000000   -0.00000000   -0.99994580    0.00666019    0.00000000   -0.00000000    0.00263570
  7      -0.00001078    0.00185620    0.00389894    0.00000000   -0.00000000    0.00661942    0.99996364   -0.00000000    0.00000000   -0.00320110
  8       0.00000000   -0.00000000   -0.00000000   -0.00229463    0.00165571    0.00000000    0.00000000    0.97683095    0.21399368   -0.00000000
  9       0.00000000    0.00000000    0.00000000   -0.00165571   -0.00229463   -0.00000000    0.00000000    0.21399368   -0.97683095    0.00000000
 10      -0.00005687    0.00136018    0.00370694    0.00000000    0.00000000    0.00262705    0.00316680   -0.00000000    0.00000000    0.99998374

 Transformed matrix (check):
  -26.26561070   -0.00210736    0.00102253   -0.00000000    0.00000000   -0.00005169    0.00028976   -0.00000000   -0.00000000    0.00158117
    0.00000046   -1.53772799    0.00419926   -0.00000000    0.00000000   -0.00419677    0.00404952   -0.00000000    0.00000000    0.00421154
    0.00000053    0.00003520   -0.67798040    0.00000000   -0.00000000   -0.00564192    0.00508354   -0.00000000   -0.00000000    0.00816983
   -0.00000000   -0.00000000   -0.00000000   -0.64313997    0.00000000   -0.00000000   -0.00000000    0.00533513    0.00175962   -0.00000000
    0.00000000    0.00000000   -0.00000000    0.00000000   -0.64313997    0.00000000    0.00000000   -0.00175962    0.00533513    0.00000000
    0.00000025    0.00001177    0.00003795   -0.00000000    0.00000000    0.11548877    0.00345685    0.00000000    0.00000000    0.00376585
   -0.00000017   -0.00000414   -0.00001873   -0.00000000    0.00000000    0.00002214    0.63519698   -0.00000000    0.00000000   -0.00289677
   -0.00000000   -0.00000000   -0.00000000   -0.00000004    0.00000001    0.00000000   -0.00000000    1.34221748    0.00000000    0.00000000
   -0.00000000    0.00000000   -0.00000000   -0.00000001   -0.00000004    0.00000000    0.00000000    0.00000000    1.34221748    0.00000000
   -0.00000000   -0.00000011   -0.00000621    0.00000000    0.00000000    0.00002655   -0.00003344   -0.00000000    0.00000000    1.54011507

