 Original Matrix
  1     -26.24399049    0.00000000    0.00000000    0.00000000    0.00000000    0.00000000    0.00000000    0.00000000    0.00000000    0.00000000
  2      -0.00393248   -1.50631569    0.00000000    0.00000000    0.00000000    0.00000000    0.00000000    0.00000000    0.00000000    0.00000000
  3       0.00000000    0.00000000   -0.62959984    0.00000000    0.00000000    0.00000000    0.00000000    0.00000000    0.00000000    0.00000000
  4       0.00000000    0.00000000    0.00000000   -0.62959984    0.00000000    0.00000000    0.00000000    0.00000000    0.00000000    0.00000000
  5       0.00098186   -0.00107368    0.00000000    0.00000000   -0.62883240    0.00000000    0.00000000    0.00000000    0.00000000    0.00000000
  6       0.00054148    0.00122610    0.00000000    0.00000000    0.00847299    0.06396143    0.00000000    0.00000000    0.00000000    0.00000000
  7      -0.00017161    0.00221099    0.00000000    0.00000000    0.00673978    0.00406678    0.59133785    0.00000000    0.00000000    0.00000000
  8       0.00000000    0.00000000    0.00069925    0.00276141    0.00000000    0.00000000    0.00000000    1.32827877    0.00000000    0.00000000
  9       0.00000000    0.00000000    0.00276141   -0.00069925    0.00000000    0.00000000    0.00000000    0.00000000    1.32827877    0.00000000
 10      -0.00279975    0.00071184    0.00000000    0.00000000    0.00538977   -0.00161241    0.00005100    0.00000000    0.00000000    1.60079984
 Eigenvalues:
  1     -26.24399145
  2      -1.50631986
  3      -0.62960399
  4      -0.62960399
  5      -0.62898437
  6       0.06403177
  7       0.59140949
  8       1.32828291
  9       1.32828291
 10       1.60081497

 Eigenvectors:
  1      -0.99999998   -0.00015896   -0.00000000   -0.00000000    0.00003834    0.00002057   -0.00000639    0.00000000    0.00000000   -0.00010055
  2       0.00015890   -0.99999832   -0.00000000    0.00000000   -0.00124088    0.00078495    0.00105650   -0.00000000    0.00000000    0.00023179
  3       0.00000000   -0.00000000    0.06729230    0.99773224    0.00000000   -0.00000000   -0.00000000   -0.00143124    0.00026142   -0.00000000
  4      -0.00000000    0.00000000   -0.99773224    0.06729230   -0.00000000    0.00000000    0.00000000    0.00026142    0.00143124    0.00000000
  5      -0.00003856    0.00125668    0.00000000    0.00000000   -0.99990686    0.01219765    0.00547940    0.00000000    0.00000000    0.00242519
  6      -0.00002086   -0.00076171   -0.00000000   -0.00000000   -0.01215776   -0.99989432    0.00787024   -0.00000000   -0.00000000   -0.00100642
  7      -0.00000618    0.00105564    0.00000000   -0.00000000    0.00557599    0.00780217    0.99995346   -0.00000000    0.00000000   -0.00006860
  8      -0.00000000   -0.00000000    0.00031966    0.00141937    0.00000000   -0.00000000    0.00000000    0.99964805   -0.02648871   -0.00000000
  9      -0.00000000   -0.00000000    0.00141937   -0.00031966    0.00000000   -0.00000000   -0.00000000    0.02648871    0.99964805   -0.00000000
 10       0.00010052   -0.00022803   -0.00000000   -0.00000000   -0.00241341    0.00103554   -0.00006298   -0.00000000   -0.00000000   -0.99999652

 Transformed matrix (check):
  -26.24399049    0.00393085    0.00000000   -0.00000000   -0.00098767   -0.00054876   -0.00016585    0.00000000   -0.00000000    0.00279890
   -0.00000010   -1.50631568   -0.00000000    0.00000000    0.00110271   -0.00120662    0.00221969   -0.00000000    0.00000000   -0.00071645
   -0.00000000    0.00000000   -0.62959984   -0.00000000   -0.00000000    0.00000000   -0.00000000   -0.00281477    0.00043743    0.00000000
    0.00000000    0.00000000   -0.00000000   -0.62959984    0.00000000   -0.00000000    0.00000000    0.00043743    0.00281477   -0.00000000
   -0.00000041    0.00001512   -0.00000000    0.00000000   -0.62883269   -0.00842262    0.00675217    0.00000000    0.00000000   -0.00539929
    0.00000013    0.00000419    0.00000000   -0.00000000    0.00002105    0.06396205    0.00415069   -0.00000000   -0.00000000    0.00154647
    0.00000001   -0.00000011   -0.00000000    0.00000000   -0.00000229    0.00004802    0.59133748   -0.00000000    0.00000000    0.00006919
    0.00000000   -0.00000000    0.00000001   -0.00000000    0.00000000   -0.00000000   -0.00000000    1.32827877    0.00000000    0.00000000
   -0.00000000    0.00000000   -0.00000000   -0.00000001    0.00000000   -0.00000000    0.00000000    0.00000000    1.32827877    0.00000000
   -0.00000000   -0.00000036   -0.00000000    0.00000000    0.00000070   -0.00002058    0.00001273    0.00000000    0.00000000    1.60079986

