 Original Matrix
  1     -26.26779719    0.00000000    0.00000000    0.00000000    0.00000000    0.00000000    0.00000000    0.00000000    0.00000000    0.00000000
  2      -0.00186665   -1.55473589    0.00000000    0.00000000    0.00000000    0.00000000    0.00000000    0.00000000    0.00000000    0.00000000
  3       0.00091689   -0.00329511   -0.70836548    0.00000000    0.00000000    0.00000000    0.00000000    0.00000000    0.00000000    0.00000000
  4       0.00000000    0.00000000    0.00000000   -0.64820771    0.00000000    0.00000000    0.00000000    0.00000000    0.00000000    0.00000000
  5       0.00000000    0.00000000    0.00000000    0.00000000   -0.64820771    0.00000000    0.00000000    0.00000000    0.00000000    0.00000000
  6      -0.00000932    0.00356494    0.00477823    0.00000000    0.00000000    0.14198459    0.00000000    0.00000000    0.00000000    0.00000000
  7      -0.00026765    0.00404871    0.00555777    0.00000000    0.00000000    0.00337634    0.67633724    0.00000000    0.00000000    0.00000000
  8       0.00000000    0.00000000    0.00000000   -0.00158581   -0.00518661    0.00000000    0.00000000    1.36230779    0.00000000    0.00000000
  9       0.00000000    0.00000000    0.00000000   -0.00518661    0.00158581    0.00000000    0.00000000    0.00000000    1.36230779    0.00000000
 10      -0.00123362    0.00346764    0.00723698    0.00000000    0.00000000    0.00294348    0.00257156    0.00000000    0.00000000    1.49942638
 Eigenvalues:
  1     -26.26779742
  2      -1.55476753
  3      -0.70842480
  4      -0.64822234
  5      -0.64822234
  6       0.14199050
  7       0.67638013
  8       1.36232242
  9       1.36232242
 10       1.49946876

 Eigenvectors:
  1      -1.00000000   -0.00007552    0.00003588    0.00000000    0.00000000   -0.00000034   -0.00000993    0.00000000   -0.00000000   -0.00004443
  2      -0.00007531    0.99998776    0.00392671    0.00000000   -0.00000000   -0.00210647   -0.00181993    0.00000000    0.00000000   -0.00114113
  3       0.00003636   -0.00394933    0.99996342   -0.00000000   -0.00000000   -0.00557489   -0.00398218   -0.00000000    0.00000000   -0.00325942
  4       0.00000000    0.00000000    0.00000000    0.10840515    0.99410314    0.00000000   -0.00000000    0.00265002   -0.00050444   -0.00000000
  5       0.00000000   -0.00000000    0.00000000    0.99410314   -0.10840515   -0.00000000    0.00000000    0.00050444    0.00265002    0.00000000
  6       0.00000014   -0.00207050   -0.00555049   -0.00000000    0.00000000   -0.99995969    0.00638126    0.00000000   -0.00000000    0.00219111
  7       0.00000978   -0.00181386   -0.00401434   -0.00000000   -0.00000000   -0.00634826   -0.99996506    0.00000000   -0.00000000    0.00318999
  8       0.00000000   -0.00000000    0.00000000   -0.00057369   -0.00263589    0.00000000    0.00000000    0.99660174   -0.08232675   -0.00000000
  9       0.00000000    0.00000000   -0.00000000    0.00263589   -0.00057369   -0.00000000   -0.00000000   -0.08232675   -0.99660174    0.00000000
 10       0.00004443   -0.00113858   -0.00328880    0.00000000    0.00000000   -0.00219073   -0.00316088   -0.00000000    0.00000000   -0.99998655

 Transformed matrix (check):
  -26.26779719   -0.00186112    0.00092912    0.00000000    0.00000000    0.00000359    0.00026336    0.00000000    0.00000000    0.00123355
    0.00000031   -1.55473581    0.00334254   -0.00000000    0.00000000    0.00353166    0.00406165    0.00000000   -0.00000000    0.00349504
    0.00000038    0.00002831   -0.70836584    0.00000000    0.00000000    0.00471285    0.00552989   -0.00000000    0.00000000    0.00722416
    0.00000000   -0.00000000   -0.00000000   -0.64820771    0.00000000   -0.00000000    0.00000000    0.00539333    0.00057212    0.00000000
    0.00000000    0.00000000   -0.00000000    0.00000000   -0.64820771    0.00000000   -0.00000000    0.00057212   -0.00539333   -0.00000000
   -0.00000017   -0.00000971   -0.00003031   -0.00000000    0.00000000    0.14198495   -0.00340602    0.00000000   -0.00000000   -0.00298510
   -0.00000012   -0.00000315   -0.00001489    0.00000000   -0.00000000   -0.00001953    0.67633728    0.00000000   -0.00000000   -0.00262567
    0.00000000    0.00000000   -0.00000000   -0.00000004   -0.00000000    0.00000000    0.00000000    1.36230779   -0.00000000    0.00000000
    0.00000000   -0.00000000    0.00000000   -0.00000000    0.00000004   -0.00000000   -0.00000000   -0.00000000    1.36230779   -0.00000000
   -0.00000000   -0.00000008   -0.00000416    0.00000000   -0.00000000   -0.00001947   -0.00003027    0.00000000    0.00000000    1.49942625

