 Original Matrix
  1     -26.26852378    0.00000000    0.00000000    0.00000000    0.00000000    0.00000000    0.00000000    0.00000000    0.00000000    0.00000000
  2      -0.00175551   -1.56487255    0.00000000    0.00000000    0.00000000    0.00000000    0.00000000    0.00000000    0.00000000    0.00000000
  3       0.00087912   -0.00288420   -0.72459590    0.00000000    0.00000000    0.00000000    0.00000000    0.00000000    0.00000000    0.00000000
  4       0.00000000    0.00000000    0.00000000   -0.65084146    0.00000000    0.00000000    0.00000000    0.00000000    0.00000000    0.00000000
  5       0.00000000    0.00000000    0.00000000    0.00000000   -0.65084146    0.00000000    0.00000000    0.00000000    0.00000000    0.00000000
  6       0.00000802    0.00327927    0.00428772    0.00000000    0.00000000    0.15440385    0.00000000    0.00000000    0.00000000    0.00000000
  7      -0.00025302    0.00400716    0.00571483    0.00000000    0.00000000    0.00326286    0.70316685    0.00000000    0.00000000    0.00000000
  8       0.00000000    0.00000000    0.00000000   -0.00511435   -0.00061766    0.00000000    0.00000000    1.37525111    0.00000000    0.00000000
  9       0.00000000    0.00000000    0.00000000    0.00061766   -0.00511435    0.00000000    0.00000000    0.00000000    1.37525111    0.00000000
 10      -0.00106799    0.00304887    0.00679284    0.00000000    0.00000000    0.00253359    0.00235595    0.00000000    0.00000000    1.47889682
 Eigenvalues:
  1     -26.26852397
  2      -1.56489885
  3      -0.72465015
  4      -0.65085456
  5      -0.65085456
  6       0.15440620
  7       0.70320899
  8       1.37526421
  9       1.37526421
 10       1.47893307

 Eigenvectors:
  1      -1.00000000   -0.00007105    0.00003442    0.00000000    0.00000000    0.00000031   -0.00000937    0.00000000   -0.00000000   -0.00003849
  2      -0.00007088    0.99999010    0.00346231    0.00000000   -0.00000000   -0.00191109   -0.00177169    0.00000000   -0.00000000   -0.00100645
  3       0.00003482   -0.00348162    0.99996961   -0.00000000    0.00000000   -0.00484092   -0.00397647   -0.00000000   -0.00000000   -0.00306794
  4      -0.00000000   -0.00000000    0.00000000    0.91650728    0.40000992   -0.00000000    0.00000000    0.00243542    0.00073032    0.00000000
  5       0.00000000   -0.00000000   -0.00000000   -0.40000992    0.91650728   -0.00000000    0.00000000   -0.00073032    0.00243542    0.00000000
  6      -0.00000047   -0.00188179   -0.00481766   -0.00000000   -0.00000000   -0.99996675    0.00600130    0.00000000    0.00000000    0.00193118
  7       0.00000924   -0.00176609   -0.00400202   -0.00000000   -0.00000000   -0.00597272   -0.99996779    0.00000000    0.00000000    0.00309865
  8      -0.00000000   -0.00000000    0.00000000   -0.00241569   -0.00079312    0.00000000    0.00000000    0.98064668    0.19576932   -0.00000000
  9      -0.00000000   -0.00000000   -0.00000000    0.00079312   -0.00241569   -0.00000000   -0.00000000   -0.19576932    0.98064668   -0.00000000
 10       0.00003848   -0.00100487   -0.00309307    0.00000000    0.00000000   -0.00193287   -0.00307301   -0.00000000   -0.00000000   -0.99998812

 Transformed matrix (check):
  -26.26852378   -0.00175094    0.00088924   -0.00000000    0.00000000   -0.00001261    0.00024915   -0.00000000   -0.00000000    0.00106778
    0.00000025   -1.56487249    0.00292548    0.00000000    0.00000000    0.00325003    0.00401920   -0.00000000   -0.00000000    0.00307318
    0.00000031    0.00002507   -0.72459617   -0.00000000   -0.00000000    0.00422891    0.00568935   -0.00000000    0.00000000    0.00678603
   -0.00000000    0.00000000   -0.00000000   -0.65084146   -0.00000000    0.00000000   -0.00000000    0.00512859    0.00048505   -0.00000000
    0.00000000    0.00000000   -0.00000000   -0.00000000   -0.65084146    0.00000000   -0.00000000   -0.00048505    0.00512859   -0.00000000
   -0.00000013   -0.00000849   -0.00002652    0.00000000    0.00000000    0.15440413   -0.00328994    0.00000000    0.00000000   -0.00256797
   -0.00000009   -0.00000255   -0.00001278   -0.00000000   -0.00000000   -0.00001799    0.70316688    0.00000000   -0.00000000   -0.00240374
   -0.00000000    0.00000000   -0.00000000   -0.00000003    0.00000000    0.00000000    0.00000000    1.37525111   -0.00000000    0.00000000
   -0.00000000   -0.00000000    0.00000000   -0.00000000   -0.00000003    0.00000000   -0.00000000   -0.00000000    1.37525111    0.00000000
   -0.00000000   -0.00000006   -0.00000324   -0.00000000   -0.00000000   -0.00001630   -0.00002799    0.00000000    0.00000000    1.47889671

