 Original Matrix
  1     -26.24866864    0.00000000    0.00000000    0.00000000    0.00000000    0.00000000    0.00000000    0.00000000    0.00000000    0.00000000
  2      -0.00312741   -1.49255920    0.00000000    0.00000000    0.00000000    0.00000000    0.00000000    0.00000000    0.00000000    0.00000000
  3       0.00000000    0.00000000   -0.62597911    0.00000000    0.00000000    0.00000000    0.00000000    0.00000000    0.00000000    0.00000000
  4       0.00000000    0.00000000    0.00000000   -0.62597911    0.00000000    0.00000000    0.00000000    0.00000000    0.00000000    0.00000000
  5       0.00042836    0.00347909    0.00000000    0.00000000   -0.56655171    0.00000000    0.00000000    0.00000000    0.00000000    0.00000000
  6       0.00078741    0.00048963    0.00000000    0.00000000    0.00377156   -0.00576196    0.00000000    0.00000000    0.00000000    0.00000000
  7      -0.00015807    0.00119647    0.00000000    0.00000000    0.00337129    0.00299183    0.57377053    0.00000000    0.00000000    0.00000000
  8       0.00000000    0.00000000   -0.00103441    0.00416319    0.00000000    0.00000000    0.00000000    1.33536792    0.00000000    0.00000000
  9       0.00000000    0.00000000    0.00416319    0.00103441    0.00000000    0.00000000    0.00000000    0.00000000    1.33536792    0.00000000
 10      -0.00137582   -0.00228814    0.00000000    0.00000000   -0.01341275   -0.00922590   -0.00130212    0.00000000    0.00000000    1.35727879
 Eigenvalues:
  1     -26.24866914
  2      -1.49257446
  3      -0.62598850
  4      -0.62598850
  5      -0.56666661
  6      -0.00581564
  7       0.57379430
  8       1.33537730
  9       1.33537730
 10       1.35743936

 Eigenvectors:
  1      -0.99999999   -0.00012634    0.00000000   -0.00000000    0.00001667    0.00002999   -0.00000590    0.00000000   -0.00000000   -0.00004983
  2      -0.00012644    0.99999247    0.00000000   -0.00000000   -0.00374223   -0.00031373   -0.00057198    0.00000000   -0.00000000    0.00078394
  3       0.00000000    0.00000000   -0.97924769    0.20265534    0.00000000   -0.00000000   -0.00000000   -0.00094661    0.00197168    0.00000000
  4      -0.00000000   -0.00000000   -0.20265534   -0.97924769    0.00000000    0.00000000    0.00000000    0.00197168    0.00094661    0.00000000
  5      -0.00001567   -0.00373285   -0.00000000   -0.00000000   -0.99994287    0.00659713    0.00293465   -0.00000000   -0.00000000   -0.00694191
  6       0.00002974    0.00032985   -0.00000000    0.00000000    0.00653327    0.99994185   -0.00518504    0.00000000   -0.00000000    0.00682788
  7       0.00000585   -0.00058325    0.00000000   -0.00000000   -0.00295426   -0.00515363   -0.99998061   -0.00000000    0.00000000   -0.00177488
  8      -0.00000000   -0.00000000   -0.00104226    0.00192283   -0.00000000   -0.00000000   -0.00000000    0.96811790   -0.25048541   -0.00000000
  9      -0.00000000    0.00000000    0.00192283    0.00104226    0.00000000    0.00000000    0.00000000    0.25048541    0.96811790   -0.00000000
 10       0.00005004    0.00081318    0.00000000   -0.00000000    0.00698878    0.00679092    0.00171871   -0.00000000   -0.00000000   -0.99995071

 Transformed matrix (check):
  -26.24866864   -0.00313023    0.00000000   -0.00000000   -0.00040282    0.00078056    0.00015701   -0.00000000   -0.00000000    0.00138108
   -0.00000018   -1.49255926   -0.00000000    0.00000000    0.00345670   -0.00047672    0.00119167    0.00000000   -0.00000000   -0.00226358
    0.00000000   -0.00000000   -0.62597911   -0.00000000   -0.00000000   -0.00000000    0.00000000   -0.00276611    0.00327881    0.00000000
   -0.00000000    0.00000000   -0.00000000   -0.62597911   -0.00000000    0.00000000   -0.00000000    0.00327881    0.00276611   -0.00000000
    0.00000076   -0.00001367   -0.00000000   -0.00000000   -0.56655215    0.00366446   -0.00335153   -0.00000000   -0.00000000    0.01338668
   -0.00000045    0.00000913   -0.00000000    0.00000000   -0.00007246   -0.00576130    0.00299762    0.00000000   -0.00000000   -0.00931194
    0.00000007   -0.00000110    0.00000000   -0.00000000    0.00000778    0.00000181    0.57377062   -0.00000000    0.00000000    0.00139066
   -0.00000000    0.00000000    0.00000001   -0.00000002   -0.00000000    0.00000000   -0.00000000    1.33536792   -0.00000000    0.00000000
   -0.00000000   -0.00000000   -0.00000002   -0.00000001   -0.00000000   -0.00000000    0.00000000   -0.00000000    1.33536792    0.00000000
   -0.00000001    0.00000033    0.00000000    0.00000000    0.00000143   -0.00002548    0.00004470    0.00000000    0.00000000    1.35727853

